0 0.937500 0.434766 0.056250 0.116406
0 0.904297 0.674219 0.046094 0.135937
0 0.778516 0.273438 0.057031 0.134375
0 0.535156 0.348047 0.057813 0.133594
0 0.835938 0.682422 0.037500 0.089844
0 0.686719 0.914453 0.079687 0.088281
0 0.147266 0.785156 0.072656 0.157812
0 0.166016 0.377734 0.141406 0.161719
0 0.446484 0.214062 0.067969 0.103125
0 0.373828 0.341406 0.057031 0.060937
0 0.371875 0.175000 0.034375 0.065625
0 0.320312 0.291406 0.062500 0.079687
0 0.702344 0.548047 0.057813 0.071094
0 0.358984 0.627734 0.074219 0.130469
0 0.476172 0.606641 0.089844 0.100781
0 0.382422 0.495312 0.111719 0.131250
