0 0.064062 0.434766 0.056250 0.116406
0 0.096484 0.674219 0.046094 0.135937
0 0.220703 0.273438 0.057031 0.134375
0 0.466406 0.348047 0.057813 0.133594
0 0.165625 0.682422 0.037500 0.089844
0 0.313281 0.914453 0.079687 0.088281
0 0.853516 0.785156 0.072656 0.157812
0 0.834766 0.377734 0.141406 0.161719
0 0.554297 0.214062 0.067969 0.103125
0 0.625391 0.341406 0.057031 0.060937
0 0.628125 0.175000 0.034375 0.065625
0 0.681250 0.291406 0.062500 0.079687
0 0.297656 0.548047 0.057813 0.071094
0 0.640234 0.627734 0.074219 0.130469
0 0.524609 0.606641 0.089844 0.100781
0 0.618359 0.495312 0.111719 0.131250
